1,1,52.02,55.39,122.19,65.04,1,1,0.0
1,2,314.14,1.31,414.53,112.34,1,1,1.0
1,3,97.01,0.0,220.68,58.8,1,1,1.0
1,4,0.72,11.82,23.68,32.88,1,1,1.0
2,1,37.57,48.82,122.19,65.03999999999999,1,1,0.0
2,2,314.17,1.31,414.52000000000004,112.34,1,1,1.0
2,3,97.01,0.0,220.68,58.8,1,1,1.0
2,4,0.72,11.82,10.58,32.18,1,1,1.0
3,1,20.49,48.82,119.51,65.08000000000001,1,1,0.0
3,2,314.19,1.31,414.53000000000003,112.34,1,1,1.0
3,3,97.01,0.0,220.68,58.8,1,1,1.0
4,1,6.03,45.54,119.52,65.07,1,1,0.0
4,2,314.21,1.31,414.53000000000003,112.34,1,1,1.0
4,3,97.01,0.0,220.68,58.8,1,1,1.0
5,1,0.78,42.91,95.86,59.86,1,1,1.0
5,2,314.23,1.31,414.53,112.34,1,1,1.0
5,3,97.01,0.0,220.68,58.8,1,1,1.0
6,1,0.78,42.91,76.12,50.69,1,1,1.0
6,2,314.26,1.31,414.52,112.34,1,1,1.0
6,3,97.01,0.0,220.68,58.8,1,1,1.0
7,1,0.78,42.91,61.62,49.99000000000001,1,1,1.0
7,2,314.28,1.31,414.53,112.34,1,1,1.0
7,3,97.01,0.0,220.68,58.8,1,1,1.0
8,1,0.78,42.91,40.62,40.790000000000006,1,1,1.0
8,2,314.3,1.31,414.53000000000003,112.34,1,1,1.0
8,3,97.01,0.0,220.68,58.8,1,1,1.0
9,1,0.78,42.91,29.419999999999998,38.19,1,1,1.0
9,2,314.33,1.31,414.52000000000004,112.34,1,1,1.0
9,3,97.01,0.0,220.68,58.8,1,1,1.0
10,1,0.78,42.91,11.72,33.59,1,1,1.0
10,2,314.35,1.31,414.52,112.34,1,1,1.0
10,3,97.01,0.0,220.68,58.8,1,1,1.0
11,2,314.37,1.31,414.53,112.34,1,1,1.0
11,3,97.01,0.0,220.68,58.8,1,1,1.0
11,5,873.2,169.49,83.42999999999995,108.38999999999999,1,1,1.0
12,2,314.39,1.31,414.53,112.34,1,1,1.0
12,3,97.01,0.0,220.68,58.8,1,1,1.0
12,5,827.9,169.49,128.73000000000002,85.41,1,1,1.0
13,2,314.42,1.31,414.52000000000004,112.34,1,1,1.0
13,3,97.01,0.0,220.68,58.8,1,1,1.0
13,5,777.9,157.0,178.73000000000002,84.80000000000001,1,1,1.0
14,2,314.44,1.31,414.52000000000004,112.34,1,1,1.0
14,3,97.01,0.0,220.68,58.8,1,1,1.0
14,5,734.5,143.2,225.39999999999998,122.30000000000001,1,1,1.0
14,6,0.72,177.37,21.080000000000002,44.03,1,1,1.0
15,2,314.46,1.31,414.53000000000003,112.34,1,1,1.0
15,3,97.01,0.0,220.68,58.8,1,1,1.0
15,5,691.8,123.49,265.5,136.70999999999998,1,1,1.0
15,6,0.72,177.37,31.58,54.53,1,1,1.0
16,2,314.48,1.31,414.53,112.34,1,1,1.0
16,3,97.01,0.0,220.68,58.8,1,1,1.0
16,5,656.98,116.27,265.5,136.7,1,1,1.0
16,6,0.72,172.79,51.28,77.16,1,1,1.0
17,2,314.51,1.31,414.52,112.34,1,1,1.0
17,3,97.01,0.0,220.68,58.8,1,1,1.0
17,5,620.19,111.01,265.5,136.70999999999998,1,1,1.0
17,6,0.72,168.2,70.98,99.80000000000001,1,1,1.0
18,2,314.53,1.31,414.52,112.34,1,1,1.0
18,3,97.01,0.0,220.68,58.8,1,1,1.0
18,5,584.72,101.81,261.48,126.88999999999999,1,1,1.0
18,6,0.72,168.2,95.28,111.0,1,1,1.0
19,2,314.55,1.31,414.53000000000003,112.34,1,1,1.0
19,3,97.01,0.0,220.68,58.8,1,1,1.0
19,5,548.59,99.84,261.48,126.88999999999999,1,1,1.0
19,6,0.72,168.2,116.98,128.10000000000002,1,1,1.0
20,2,314.57,1.31,414.53000000000003,112.34,1,1,1.0
20,3,97.01,0.0,220.68,58.8,1,1,1.0
20,5,507.86,93.93,254.53999999999996,119.47,1,1,0.0
20,6,0.72,171.49,142.58,135.31,1,1,1.0
21,2,314.6,1.31,414.52,112.34,1,1,1.0
21,3,97.01,0.0,220.68,58.8,1,1,1.0
21,5,480.74,93.93,254.53999999999996,119.47,1,1,0.0
21,6,0.72,171.49,169.68,152.20999999999998,1,1,1.0
22,2,314.62,1.31,414.52,112.34,1,1,1.0
22,3,97.01,0.0,220.68,58.8,1,1,1.0
22,5,444.96,88.86,254.55,119.47000000000001,1,1,0.0
22,6,0.72,171.49,197.48,166.90999999999997,1,1,1.0
23,2,314.64,1.31,414.53,112.34,1,1,1.0
23,3,97.01,0.0,220.68,58.8,1,1,1.0
23,5,410.2,79.59,254.54000000000002,119.47,1,1,0.0
23,6,16.94,183.07,202.86,168.43,1,1,1.0
24,2,314.66,1.31,414.53000000000003,112.34,1,1,1.0
24,3,97.01,0.0,220.68,58.8,1,1,1.0
24,5,410.2,79.59,188.90000000000003,110.31,1,1,0.0
24,6,36.0,192.93,224.5,180.87,1,1,1.0
25,2,314.69,1.31,414.52000000000004,112.34,1,1,1.0
25,3,97.01,0.0,220.68,58.8,1,1,1.0
25,5,379.33,73.02,188.89000000000004,110.31000000000002,1,1,0.0
25,6,60.96,200.81,232.34,190.69,1,1,1.0
26,2,314.71,1.31,414.52000000000004,112.34,1,1,1.0
26,3,97.01,0.0,220.68,58.8,1,1,1.0
26,5,351.08,65.14,188.90000000000003,110.30999999999999,1,1,0.0
26,6,81.32,213.95,256.68,201.85000000000002,1,1,1.0
27,2,314.73,1.31,414.53,112.34,1,1,1.0
27,3,97.01,0.0,220.68,58.8,1,1,1.0
27,5,326.77,61.85,188.89999999999998,110.31,1,1,0.0
27,6,109.57,231.69,284.93,209.11,1,1,1.0
28,2,314.75,1.31,414.53,112.34,1,1,1.0
28,3,97.01,0.0,220.68,58.8,1,1,1.0
28,5,310.89,59.2,188.90000000000003,110.32000000000001,1,1,1.0
28,6,149.65,255.34,284.91999999999996,209.10999999999999,1,1,1.0
29,2,314.78,1.31,414.52,112.34,1,1,1.0
29,3,97.01,0.0,220.68,58.8,1,1,1.0
29,5,295.0,56.56,188.89999999999998,110.31,1,1,0.0
29,6,194.12,271.22,284.93,209.10999999999996,1,1,1.0
29,7,904.37,174.87,55.629999999999995,82.60000000000002,1,1,1.0
30,2,314.8,1.31,414.52000000000004,112.34,1,1,1.0
30,3,97.01,0.0,220.68,58.8,1,1,1.0
30,5,265.35,52.32,188.89999999999998,110.31,1,1,0.0
30,6,212.12,275.46,366.48,244.04000000000002,1,1,1.0
30,7,858.8,174.87,101.20000000000005,69.93,1,1,1.0
31,2,314.82,1.31,414.53000000000003,112.34,1,1,1.0
31,3,97.01,0.0,220.68,58.8,1,1,1.0
31,5,239.94,47.03,188.89999999999998,110.31,1,1,0.0
31,6,265.07,288.16,366.47999999999996,244.05,1,1,1.0
31,7,821.7,142.0,138.29999999999995,102.80000000000001,1,1,1.0
32,2,314.84,1.31,414.53000000000003,112.34,1,1,1.0
32,3,97.01,0.0,220.68,58.8,1,1,1.0
32,5,239.94,47.03,149.76,96.57,1,1,0.0
32,6,307.43,331.61,390.82,194.24,1,1,1.0
32,7,773.0,142.0,187.0,94.30000000000001,1,1,1.0
33,2,314.87,1.31,414.52,112.34,1,1,1.0
33,3,97.01,0.0,220.68,58.8,1,1,1.0
33,5,213.47,45.97,149.76000000000002,96.57,1,1,0.0
33,6,361.43,344.32,390.82,194.23999999999995,1,1,1.0
33,7,730.6,118.7,229.39999999999998,117.60000000000001,1,1,1.0
34,2,314.89,1.31,414.52,112.34,1,1,1.0
34,3,97.01,0.0,220.68,58.8,1,1,1.0
34,5,195.47,45.97,149.76000000000002,96.57,1,1,0.0
34,6,410.14,347.49,437.46000000000004,192.51,1,1,1.0
34,7,693.54,114.46,250.56000000000006,123.94000000000001,1,1,1.0
35,2,314.91,1.31,414.53000000000003,112.34,1,1,1.0
35,3,97.01,0.0,220.68,58.8,1,1,1.0
35,5,190.17,48.08,131.73,75.42,1,1,0.0
35,6,460.97,343.26,437.4599999999999,192.5,1,1,1.0
35,7,655.42,107.05,250.56000000000006,123.94000000000001,1,1,1.0
36,2,314.93,1.31,414.53000000000003,112.34,1,1,1.0
36,3,97.01,0.0,220.68,58.8,1,1,1.0
36,5,174.29,52.32,131.73,75.41999999999999,1,1,0.0
36,6,511.8,348.55,437.46,191.45,1,1,1.0
36,7,613.06,98.58,250.56000000000006,123.94000000000001,1,1,1.0
37,2,314.96,1.31,414.52000000000004,112.34,1,1,1.0
37,3,97.01,0.0,220.68,58.8,1,1,1.0
37,5,154.17,43.85,131.73,75.41,1,1,0.0
37,6,638.9,420.6,310.36,119.39999999999998,1,1,1.0
37,7,578.11,91.17,250.56999999999994,123.92999999999999,1,1,1.0
38,2,314.98,1.31,414.52,112.34,1,1,1.0
38,3,97.01,0.0,220.68,58.8,1,1,1.0
38,5,136.17,45.97,131.73,75.41,1,1,1.0
38,6,723.6,481.0,234.13,57.940000000000055,1,1,1.0
38,7,545.29,85.88,250.56000000000006,123.93,1,1,1.0
39,2,315.0,1.31,414.53,112.34,1,1,1.0
39,3,97.01,0.0,220.68,58.8,1,1,1.0
39,5,123.46,42.79,131.73000000000002,75.41999999999999,1,1,0.0
39,7,517.76,90.11,244.20000000000005,87.88000000000001,1,1,1.0
40,2,315.02,1.31,414.53,112.34,1,1,1.0
40,3,97.01,0.0,220.68,58.8,1,1,1.0
40,5,114.99,41.73,131.73000000000002,75.42000000000002,1,1,0.0
40,7,474.34,86.93,244.20999999999998,87.88999999999999,1,1,1.0
41,2,315.05,1.31,414.52000000000004,112.34,1,1,1.0
41,3,97.01,0.0,220.68,58.8,1,1,1.0
41,5,93.81,37.5,131.73,75.41,1,1,0.0
41,7,443.63,82.7,205.07000000000005,86.8,1,1,1.0
42,2,315.07,1.31,414.52000000000004,112.34,1,1,1.0
42,3,97.01,0.0,220.68,58.8,1,1,1.0
42,5,82.16,35.38,131.73,75.41,1,1,0.0
42,7,417.16,75.28,205.07,86.81,1,1,1.0
43,2,315.09,1.31,414.53000000000003,112.34,1,1,1.0
43,3,97.01,0.0,220.68,58.8,1,1,1.0
43,5,68.39,32.2,131.73000000000002,75.42,1,1,0.0
43,7,388.57,67.87,205.06,86.79999999999998,1,1,1.0
44,2,315.11,1.31,414.53,112.34,1,1,1.0
44,3,97.01,0.0,220.68,58.8,1,1,1.0
44,5,58.86,29.02,131.73000000000002,75.42,1,1,0.0
44,7,354.68,60.46,205.07,86.79999999999998,1,1,1.0
45,2,315.14,1.31,414.52,112.34,1,1,1.0
45,3,97.01,0.0,220.68,58.8,1,1,1.0
45,5,41.92,24.79,131.73000000000002,75.41,1,1,0.0
45,7,347.27,59.4,205.07000000000005,82.53999999999999,1,1,1.0
46,2,315.16,1.31,414.5199999999999,112.34,1,1,1.0
46,3,97.01,0.0,220.68,58.8,1,1,1.0
46,5,33.45,24.79,131.73000000000002,75.41,1,1,0.0
46,7,302.79,60.46,205.07,82.53999999999999,1,1,1.0
47,2,315.18,1.31,414.53000000000003,112.34,1,1,1.0
47,3,97.01,0.0,220.68,58.8,1,1,1.0
47,5,23.92,19.49,131.73000000000002,75.42,1,1,1.0
47,7,281.62,59.4,205.06,82.53999999999999,1,1,0.0
48,2,315.2,1.31,414.53000000000003,112.34,1,1,1.0
48,3,97.01,0.0,220.68,58.8,1,1,1.0
48,5,23.92,19.49,98.88,70.11,1,1,1.0
48,7,268.91,48.81,179.64,78.28999999999999,1,1,1.0
49,2,315.2,1.31,414.53000000000003,112.34,1,1,1.0
49,3,97.01,0.0,220.68,58.8,1,1,1.0
49,5,13.38,17.87,98.88000000000001,70.11,1,1,1.0
49,7,261.61,44.76,152.91999999999996,77.43,1,1,1.0
50,2,315.2,1.31,414.53000000000003,112.34,1,1,1.0
50,3,97.01,0.0,220.68,58.8,1,1,1.0
50,5,3.65,17.06,98.88,70.11,1,1,1.0
50,7,236.48,41.51,152.92,77.44,1,1,1.0
51,2,315.2,1.31,414.53000000000003,112.34,1,1,1.0
51,3,97.01,0.0,220.68,58.8,1,1,1.0
51,5,2.03,16.25,98.88,70.11,1,1,1.0
51,7,217.83,41.51,152.92,77.44,1,1,1.0
52,2,315.2,1.31,414.53000000000003,112.34,1,1,1.0
52,3,97.01,0.0,220.68,58.8,1,1,1.0
52,5,2.03,16.25,77.77,57.150000000000006,1,1,0.0
52,7,217.83,41.51,113.97,68.49000000000001,1,1,1.0
53,2,315.2,1.31,414.53000000000003,112.34,1,1,1.0
53,3,97.01,0.0,220.68,58.8,1,1,1.0
53,5,2.03,16.25,67.62,53.5,1,1,0.0
53,7,200.8,41.51,113.96999999999997,68.49000000000001,1,1,1.0
54,2,315.2,1.31,414.53000000000003,112.34,1,1,1.0
54,3,97.01,0.0,220.68,58.8,1,1,1.0
54,5,2.03,16.25,57.47,49.849999999999994,1,1,0.0
54,7,185.4,39.89,113.97,68.49,1,1,1.0
55,2,315.2,1.31,414.53000000000003,112.34,1,1,1.0
55,3,97.01,0.0,220.68,58.8,1,1,1.0
55,5,2.03,15.85,47.72,46.6,1,1,0.0
55,7,169.18,32.59,113.96999999999997,68.49,1,1,1.0
56,2,315.2,1.31,414.53000000000003,112.34,1,1,1.0
56,3,97.01,0.0,220.68,58.8,1,1,1.0
56,5,2.03,15.44,37.97,43.36,1,1,0.0
56,7,159.45,30.97,104.25999999999999,67.73,1,1,1.0
57,2,315.2,1.31,414.53000000000003,112.34,1,1,1.0
57,3,97.01,0.0,220.68,58.8,1,1,1.0
57,5,2.03,17.47,30.269999999999996,41.33,1,1,0.0
57,7,144.04,30.97,104.27000000000001,67.73,1,1,1.0
58,2,315.2,1.31,414.53000000000003,112.34,1,1,1.0
58,3,97.01,0.0,220.68,58.8,1,1,1.0
58,5,2.03,19.5,22.57,39.3,1,1,0.0
58,7,127.02,29.35,104.26,67.72999999999999,1,1,1.0
59,2,315.2,1.31,414.53000000000003,112.34,1,1,1.0
59,3,97.01,0.0,220.68,58.8,1,1,1.0
59,5,1.62,19.5,22.57,39.3,1,1,0.0
59,7,119.72,28.54,104.25999999999999,67.72999999999999,1,1,1.0
60,2,315.2,1.31,414.53000000000003,112.34,1,1,1.0
60,3,97.01,0.0,220.68,58.8,1,1,1.0
60,5,1.22,19.5,22.57,39.3,1,1,0.0
60,7,103.5,27.73,104.25999999999999,67.72999999999999,1,1,1.0
